0 1
0 6
0 11
0 8
0 9
0 10
0 24
1 6
1 11
1 8
1 9
1 10
1 24
2 1
2 6
2 11
2 8
2 9
2 10
2 24
3 1
3 6
3 11
3 8
3 9
3 10
3 24
4 1
4 6
4 11
4 8
4 9
4 10
4 24
5 1
5 6
5 11
5 8
5 9
5 10
5 24
6 1
6 11
6 8
6 9
6 10
6 24
7 1
7 6
7 11
7 8
7 9
7 10
7 24
8 1
8 6
8 11
8 9
8 10
8 24
9 1
9 6
9 11
9 8
9 10
9 24
10 1
10 6
10 11
10 8
10 9
10 24
11 1
11 6
11 8
11 9
11 10
11 24
12 1
12 6
12 11
12 8
12 9
12 10
12 24
13 1
13 6
13 11
13 8
13 9
13 10
13 24
14 1
14 6
14 11
14 8
14 9
14 10
14 24
15 1
15 6
15 11
15 8
15 9
15 10
15 24
16 1
16 6
16 11
16 8
16 9
16 10
16 24
17 1
17 6
17 11
17 8
17 9
17 10
17 24
18 1
18 6
18 11
18 8
18 9
18 10
18 24
19 1
19 6
19 11
19 8
19 9
19 10
19 24
20 1
20 6
20 11
20 8
20 9
20 10
20 24
21 1
21 6
21 11
21 8
21 9
21 10
21 24
22 1
22 6
22 11
22 8
22 9
22 10
22 24
23 1
23 6
23 11
23 8
23 9
23 10
23 24
24 1
24 6
24 11
24 8
24 9
24 10
