0 18
0 20
0 15
0 16
0 17
0 13
1 18
1 20
1 15
1 16
1 17
1 13
1 19
2 18
2 20
2 15
2 16
2 17
2 13
2 19
3 18
3 20
3 15
3 16
3 17
3 13
3 19
4 18
4 20
4 15
4 16
4 17
4 13
4 19
5 18
5 20
5 15
5 16
5 17
5 13
5 19
6 18
6 20
6 15
6 16
6 17
6 13
6 19
7 18
7 20
7 15
7 16
7 17
7 13
7 19
8 18
8 20
8 15
8 16
8 17
8 13
8 19
9 18
9 20
9 15
9 16
9 17
9 13
9 19
10 18
10 20
10 15
10 16
10 17
10 13
10 19
11 18
11 20
11 15
11 16
11 17
11 13
11 19
12 18
12 20
12 15
12 16
12 17
12 13
12 19
13 18
13 20
13 15
13 16
13 17
13 19
14 18
14 20
14 15
14 16
14 17
14 13
14 19
15 18
15 20
15 16
15 17
15 13
15 19
16 18
16 20
16 15
16 17
16 13
16 19
17 18
17 20
17 15
17 16
17 13
17 19
18 20
18 15
18 16
18 17
18 13
18 19
19 18
19 20
19 15
19 16
19 17
19 13
20 18
20 15
20 16
20 17
20 13
20 19
21 18
21 20
21 15
21 16
21 17
21 13
21 19
22 18
22 20
22 15
22 16
22 17
22 13
22 19
23 18
23 20
23 15
23 16
23 17
23 13
23 19
24 18
24 20
24 15
24 16
24 17
24 13
24 19
